0 0 -6
8
0 4.87 0
SOLID 0 204 255 255
12
-1 -1 -1 1 -1 -1 -1 -1 1
1 -1 -1 1 -1 1 -1 -1 1
1 -1 -1 1 -1 1 1 1 1
1 -1 -1 1 1 1 1 1 -1
1 -1 1 1 1 1 -1 1 1
1 -1 1 -1 1 1 -1 -1 1
-1 1 1 -1 -1 1 -1 -1 -1
-1 1 1 -1 -1 -1 -1 1 -1
-1 1 -1 1 1 1 -1 1 1
-1 1 -1 1 1 1 1 1 -1
-1 1 -1 1 -1 -1 1 1 -1
-1 1 -1 -1 -1 -1 1 -1 -1
0 0 0
SOLID 255 102 255 255
2
3 0 0.5 3 0 3 4 2 4
0.5 0 3 3 0 3 4 2 4
0 0 0
SOLID 255 102 255 255
2
-3 0 0.5 -3 0 3 -4 2 4
-0.5 0 3 -3 0 3 -4 2 4
0 0 0
SOLID 255 102 255 255
2
-3 0 -0.5 -3 0 -3 -4 2 -4
-0.5 0 -3 -3 0 -3 -4 2 -4
0 0 0
SOLID 255 102 255 255
2
0.5 0 -3 3 0 -3 4 2 -4
3 0 -0.5 3 0 -3 4 2 -4
0 0 0
SOLID 255 102 255 255
4
1 0 0 0 0 1 0 3 0
0 0 1 -1 0 0 0 3 0
-1 0 0 0 0 -1 0 3 0
0 0 -1 1 0 0 0 3 0
0 0 0
SOLID 204 0 255 255
2
3 0 3 -3 0 3 -3 0 -3
-3 0 -3 3 0 -3 3 0 3
0 0 0
SOLID 204 0 255 255 
4
1.5 0 1.5 -1.5 0 1.5 0 -10 0
-1.5 0 1.5 -1.5 0 -1.5 0 -10 0
-1.5 0 -1.5 1.5 0 -1.5 0 -10 0
1.5 0 -1.5 1.5 0 1.5 0 -10 0
