0 1 -6
16
0 4.87 0
SOLID 255 255 104 255
12
-1 -1 -1 1 -1 -1 -1 -1 1
1 -1 -1 1 -1 1 -1 -1 1
1 -1 -1 1 -1 1 1 1 1
1 -1 -1 1 1 1 1 1 -1
1 -1 1 1 1 1 -1 1 1
1 -1 1 -1 1 1 -1 -1 1
-1 1 1 -1 -1 1 -1 -1 -1
-1 1 1 -1 -1 -1 -1 1 -1
-1 1 -1 1 1 1 -1 1 1
-1 1 -1 1 1 1 1 1 -1
-1 1 -1 1 -1 -1 1 1 -1
-1 1 -1 -1 -1 -1 1 -1 -1
0 0 0
SOLID 255 0 0 255
2
3 0 0.5 3 0 3 4 2 4
0.5 0 3 3 0 3 4 2 4
0 0 0
SOLID 255 0 0 255
2
-3 0 0.5 -3 0 3 -4 2 4
-0.5 0 3 -3 0 3 -4 2 4
0 0 0
SOLID 255 0 0 255
2
-3 0 -0.5 -3 0 -3 -4 2 -4
-0.5 0 -3 -3 0 -3 -4 2 -4
0 0 0
SOLID 255 0 0 255
2
0.5 0 -3 3 0 -3 4 2 -4
3 0 -0.5 3 0 -3 4 2 -4
0 0 0
SOLID 255 0 0 255
4
1 0 0 0 0 1 0 3 0
0 0 1 -1 0 0 0 3 0
-1 0 0 0 0 -1 0 3 0
0 0 -1 1 0 0 0 3 0
0 0 0
SOLID 255 153 51 255
4
1.5 0 1.5 -1.5 0 1.5 0 -10 0
-1.5 0 1.5 -1.5 0 -1.5 0 -10 0
-1.5 0 -1.5 1.5 0 -1.5 0 -10 0
1.5 0 -1.5 1.5 0 1.5 0 -10 0
7 5 8
WIREFRAME 0 204 255 255
3
0 0 0.58 -0.5 0 -0.29 0 -2 0
-0.5 0 -0.29 0.5 0 -0.29 0 -2 0
0.5 0 -0.29 0 0 0.58 0 -2 0
2 4 11
WIREFRAME 0 204 255 255
3
0 0 0.58 -0.5 0 -0.29 0 -2 0
-0.5 0 -0.29 0.5 0 -0.29 0 -2 0
0.5 0 -0.29 0 0 0.58 0 -2 0
-5 5.5 9
WIREFRAME 0 204 255 255
3
0 0 0.58 -0.5 0 -0.29 0 -2 0
-0.5 0 -0.29 0.5 0 -0.29 0 -2 0
0.5 0 -0.29 0 0 0.58 0 -2 0
-11 3 3
WIREFRAME 0 204 255 255
3
0 0 0.58 -0.5 0 -0.29 0 -2 0
-0.5 0 -0.29 0.5 0 -0.29 0 -2 0
0.5 0 -0.29 0 0 0.58 0 -2 0
-9 1 -2
WIREFRAME 0 204 255 255
3
0 0 0.58 -0.5 0 -0.29 0 -2 0
-0.5 0 -0.29 0.5 0 -0.29 0 -2 0
0.5 0 -0.29 0 0 0.58 0 -2 0
-3 5 -9
WIREFRAME 0 204 255 255
3
0 0 0.58 -0.5 0 -0.29 0 -2 0
-0.5 0 -0.29 0.5 0 -0.29 0 -2 0
0.5 0 -0.29 0 0 0.58 0 -2 0
6 4 -8
WIREFRAME 0 204 255 255
3
0 0 0.58 -0.5 0 -0.29 0 -2 0
-0.5 0 -0.29 0.5 0 -0.29 0 -2 0
0.5 0 -0.29 0 0 0.58 0 -2 0
11 6 -5
WIREFRAME 0 204 255 255
3
0 0 0.58 -0.5 0 -0.29 0 -2 0
-0.5 0 -0.29 0.5 0 -0.29 0 -2 0
0.5 0 -0.29 0 0 0.58 0 -2 0
9 3 1
WIREFRAME 0 204 255 255
3
0 0 0.58 -0.5 0 -0.29 0 -2 0
-0.5 0 -0.29 0.5 0 -0.29 0 -2 0
0.5 0 -0.29 0 0 0.58 0 -2 0
